"","rho.runtime","rho.title_length","rho.log_budget_final","rho.actor_logrev_of_past_2_years_0","rho.actor_logrev_of_past_2_years_1","rho.actor_logrev_of_past_2_years_2","rho.actor_logrev_of_past_2_years_3","rho.actor_logrev_of_past_2_years_4","rho.actor_logrev_of_past_5_years_0","rho.actor_logrev_of_past_5_years_1","rho.actor_logrev_of_past_5_years_2","rho.actor_logrev_of_past_5_years_3","rho.actor_logrev_of_past_5_years_4","rho.actor_logrev_of_past_10_years_0","rho.actor_logrev_of_past_10_years_1","rho.actor_logrev_of_past_10_years_2","rho.actor_logrev_of_past_10_years_3","rho.actor_logrev_of_past_10_years_4","rho.director_logrev_of_past_2_years_0","rho.director_logrev_of_past_5_years_0","rho.director_logrev_of_past_10_years_0","rho.gender_score","rho.has_oscar_winner","rho.popular_genre","rho.first_in_collection","rho.sequel","rho.major","rho.minor","rho.medium","rho.Action","rho.Adventure","rho.Animation","rho.Comedy","rho.Crime","rho.Documentary","rho.Drama","rho.Family","rho.Fantasy","rho.Foreign","rho.History","rho.Horror","rho.Music","rho.Mystery","rho.Romance","rho.Science.Fiction","rho.TV.Movie","rho.Thriller","rho.War","rho.Western","rho.actor_is_top_100_of_past_2_years_0","rho.actor_is_top_100_of_past_2_years_1","rho.actor_is_top_100_of_past_2_years_2","rho.actor_is_top_100_of_past_2_years_3","rho.actor_is_top_100_of_past_2_years_4","rho.actor_is_top_100_of_past_5_years_0","rho.actor_is_top_100_of_past_5_years_1","rho.actor_is_top_100_of_past_5_years_2","rho.actor_is_top_100_of_past_5_years_3","rho.actor_is_top_100_of_past_5_years_4","rho.actor_is_top_100_of_past_10_years_0","rho.actor_is_top_100_of_past_10_years_1","rho.actor_is_top_100_of_past_10_years_2","rho.actor_is_top_100_of_past_10_years_3","rho.actor_is_top_100_of_past_10_years_4","rho.director_is_top_50_of_past_2_years_0","rho.director_is_top_50_of_past_5_years_0","rho.director_is_top_50_of_past_10_years_0"
"runtime",1,-0.0801478739687024,0.336595262763934,0.210890383471734,0.175052238101437,0.145309799887288,0.117518225782306,0.114167518845961,0.200129493810521,0.176575675778663,0.162430653775152,0.164743678991865,0.147887297367663,0.187383536508617,0.156092298226735,0.132682832293626,0.161908153054651,0.145923149799169,0.11697794983648,0.133555216311004,0.135989578829546,-0.00459753571518395,0.390809356244306,0.345800402549263,-0.114082015960964,-0.0134571161856276,0.05898331264099,-0.0892796925304807,0.100567543121456,0.113361970221063,0.128602203596616,-0.499048541579689,-0.332426205965927,0.0984898891290527,-0.292921392931338,0.36833039005226,-0.304800724972902,-0.0267955999267754,-0.212474793177084,0.709702682605952,-0.242440165866378,-0.000296666926396499,0.107343142589108,0.0442552320632142,-0.0321580543523184,-0.247405027804042,0.0790289169850549,0.482233138743635,0.301954390697729,0.217586285437085,0.188774826989356,0.20094452144033,0.186179848266939,0.168398078028407,0.239615152856537,0.231885286824498,0.227209714055518,0.208619592125817,0.105811623812745,0.261234740965364,0.233076958254311,0.167929954101198,0.133465041734272,0.0986060737496762,0.257327912459667,0.349030872201137,0.370962805175807
"title_length",-0.0801478739687024,1,0.0036646651505353,-0.00910572732075224,-0.0346669356270967,-0.0261740693711043,-0.00730343130552311,0.0155682487864713,-0.00095667662735399,-0.0158598962374129,-0.0146592515756936,0.00707959312818284,0.0304060144064342,-0.000250412943201642,-0.00852343665967681,-0.0128197166516868,-0.00479246912404168,0.0187203738607924,-0.00187578902927872,0.00890417324124652,0.0135369586520394,-0.00462790848081127,-0.0738412006696378,-0.209543372346918,-0.00864507798157744,0.66010171204773,0.077037293955772,-0.0546202895598684,-0.0423683243957344,-0.00114945902281362,0.201230776400706,0.148187086122392,0.112571955978036,-0.0816742215504968,0.176598414588526,-0.207869217527775,0.195980918372331,0.101264994189968,-0.137880113288964,-0.082341690208604,-0.0218872646016958,0.027741121137788,-0.116373316369395,-0.0429155639252963,0.0554238793215831,-0.246351354411983,-0.15424853520451,-0.022897237031378,-0.0188060029388087,-0.0352328318520417,-0.0878800142133974,-0.0411144985679506,-0.037299605826662,0.0635577126874504,-0.048120618496239,-0.0852598035917828,-0.0513744136386339,-0.0327496852113666,0.0349316917143627,-0.0640913857827533,-0.077058639364958,-0.0621973996590182,-0.0388161931028081,0.105391951976006,-0.0187066535372353,-0.00988813884265119,-0.0159262295554601
"log_budget_final",0.336595262763934,0.0036646651505353,1,0.354874030507808,0.290429052495323,0.211724645556801,0.193731903980318,0.166645172769855,0.378491104409682,0.32700425210461,0.260169515111148,0.272280838674445,0.230044359485171,0.366994872618649,0.313223817602533,0.241016012838059,0.264083035535556,0.257807436650013,0.213192246049203,0.296452768894735,0.319330809615773,0.00276360885399463,0.260887278036651,-0.102370328659467,-0.00318454192124136,0.211536795714221,0.335607880141062,-0.280826615517464,0.116554675082763,0.295457223836186,0.400187804137049,0.305193304606634,-0.0226983997895522,0.0348385011122997,-0.48371700714804,-0.128708515008716,0.265228659400175,0.266654528094261,-0.404737667012281,0.158086663199997,-0.288007343478996,-0.0243756889956171,0.0588963087603788,-0.0589942846256606,0.152755082943377,-0.272881024757822,0.0690243367871755,0.16743172196486,0.127165685434321,0.329909490343853,0.285780689383426,0.297799279615369,0.193855858887838,0.225460431248173,0.403998935132328,0.31327152384852,0.279383969086476,0.218909187699277,0.197460147094739,0.419372940462757,0.337087133447482,0.251584090715698,0.197759360476182,0.221263392310157,0.266018710439131,0.352658785567896,0.3581704082164
"actor_logrev_of_past_2_years_0",0.210890383471734,-0.00910572732075224,0.354874030507808,1,0.294562120464931,0.211220479521177,0.203405794143392,0.144963610824434,0.731992527582754,0.282636036014567,0.220763592895159,0.226876638484065,0.140942278061186,0.650331731601863,0.277757974852026,0.213568933167964,0.220672488444394,0.174309251059125,0.13860902196329,0.155424507791424,0.167276252288482,0.00528153274580676,0.209202562501242,0.0796231299345053,-0.0785604096386388,0.0601374011824008,0.134144171075149,-0.155307469115343,0.0925376331180566,0.103943920946938,0.100299984786443,-0.104273376336033,0.0250469995211319,0.119432608848228,-0.505965135923114,0.0516756414907523,-0.0465707186805019,0.0112026854219068,-0.320172453896737,0.0919459141576865,-0.153656102007643,-0.0424468057089847,0.0468307996636,0.053571502159177,0.0129777241747124,-0.255383780048818,0.0708698375499101,0.0338275524420106,0.161404832615907,0.438646624077411,0.180357909798822,0.132859068353701,0.174172657918717,0.138340693475932,0.498815696201074,0.217426447783514,0.129976038265057,0.138190734394996,0.0715114274243028,0.461957580226292,0.215973969798846,0.0994176355319384,0.0814368743619212,0.0897414631095059,0.177647562613267,0.155121214882051,0.159638705518111
"actor_logrev_of_past_2_years_1",0.175052238101437,-0.0346669356270967,0.290429052495323,0.294562120464931,1,0.276065415373271,0.239842425265958,0.21617112482374,0.289813953137874,0.721545624948762,0.267118176703608,0.237158024817349,0.182330782614462,0.275900942445329,0.636784737056331,0.244172453270283,0.240576727642034,0.1891744474646,0.122141760956258,0.145773791492751,0.131253673887667,0.0093351144224996,0.227501708188109,0.0261940761033285,-0.0558943257285783,0.0515420585968534,0.0935460509730271,-0.135736879569369,0.0932664401279171,0.0792362464785413,0.149606557200518,0.00486369715381167,0.0418116125583617,0.066684879739479,-0.393952388959839,0.00019687267387727,-0.0232246841275566,0.0544615179093838,-0.30994272236648,0.0230944187984832,-0.138472663235085,-0.0440001733948683,0.0394306324975671,0.038995069625814,-0.020845439436078,-0.407296114515598,0.0575362008382714,0.0140186994040109,0.127974147391406,0.219585097279093,0.573934981017102,0.176182854345052,0.171192664839553,0.186649704563936,0.271234863449897,0.56174088384944,0.248200468106726,0.183346627534913,0.15171853871978,0.264833798179602,0.486217762149974,0.207694084915758,0.125700015486375,0.104348027753738,0.15203518591624,0.196042783259951,0.144436850930578
"actor_logrev_of_past_2_years_2",0.145309799887288,-0.0261740693711043,0.211724645556801,0.211220479521177,0.276065415373271,1,0.285159777184014,0.289887467636571,0.198043179173646,0.240537445572804,0.683320802019475,0.219727450576458,0.205054083173061,0.18954046136765,0.231004813458622,0.613649721635847,0.218141274683509,0.232196966215574,0.103933123543571,0.0945733092087557,0.0987045190751226,0.010394322818154,0.195073585827627,0.0206775651043779,-0.0502217106145277,0.0887952551810875,0.0850139283017523,-0.0971027721176082,0.0670365880703268,0.0769794108365337,0.111653091732313,-0.0170735130684676,-0.000106671365611553,0.0748847783780639,-0.319835598547717,0.00725060083932262,0.00414120207242044,0.090230148443506,-0.249389561694941,0.0233137939382847,-0.113536089428776,-0.049745202747589,0.0986002303135105,-0.00459726297548479,0.0311221595238294,-0.0857329942670369,0.0604454896464881,-0.00888948451603492,0.0851932593817818,0.189987398225971,0.172351583679757,0.575437099843414,0.180023477230256,0.122325708221167,0.181960860294694,0.167211447742334,0.554033060665026,0.173987448700803,0.197056763207428,0.193056821599632,0.182114505277263,0.499898436856461,0.168156557310524,0.229899141549522,0.145475222501696,0.115302780107611,0.138180912313089
"actor_logrev_of_past_2_years_3",0.117518225782306,-0.00730343130552311,0.193731903980318,0.203405794143392,0.239842425265958,0.285159777184014,1,0.40351475957292,0.156108904301431,0.161295878027073,0.1918729659317,0.653095542259554,0.25852807818519,0.146852286164182,0.14915193791711,0.187728375312079,0.566821080805049,0.246789207120634,0.0829381285654538,0.106349622902794,0.0955562911115254,0.00646476509911018,0.170549571278794,-0.00989957849789544,-0.0123779777091748,0.0450569496575486,0.0859349034710861,-0.105914260695356,0.0628913030498457,0.0390150160921918,0.113452658083943,0.0755099600502691,0.0476270897528673,0.0171813988843908,-0.267256754303177,-0.0234881733823821,0.0840506182177293,0.0609758216774005,-0.202720071637975,0.0330739415938339,-0.154863304702111,-0.0569692559370322,-0.0132608500143555,0.0263998347616295,0.0280060889195838,-0.0397425637192018,-0.00803564493576387,-0.0641697147871488,0.0102970001496502,0.160447502526779,0.145119039716446,0.185693119032055,0.585604433779098,0.148204893805366,0.174605372705995,0.141722980476742,0.174893642897901,0.644237837058207,0.239154988248173,0.161808167120317,0.126344739535202,0.209688512351416,0.541321583991797,0.220293960347206,0.144479968184841,0.15500434484836,0.140983779029341
"actor_logrev_of_past_2_years_4",0.114167518845961,0.0155682487864713,0.166645172769855,0.144963610824434,0.21617112482374,0.289887467636571,0.40351475957292,1,0.128648413966204,0.135294524906016,0.150870015127741,0.247625320737861,0.648404179436543,0.11774376768389,0.121290522214665,0.127217880138327,0.2170656045741,0.551729612399191,0.0980077863158195,0.0945701081265708,0.0920982092211935,0.00146383190491916,0.176806525452429,0.0095493141961019,-0.00485499396406879,0.0506454032363995,0.0748830787371137,-0.111703625510338,0.0716466441788222,0.0725826839422576,0.133574188437744,0.072998098125852,0.0430690727637012,0.0183255738414944,-0.248254603949744,0.00598947688615397,0.0644082299612518,0.0573753252443418,-0.182925005122352,0.103155874353448,-0.111595880909142,-0.0168166651624099,0.007267450424599,-0.0215635892423391,0.0564262065853943,-0.0137182117543721,0.0221094361670389,0.0367657576649848,-0.034836512618702,0.0946655515939707,0.140561404871673,0.130154974752966,0.136665590384218,0.667481729056891,0.104561695486405,0.166080018276957,0.130376304844188,0.13104624645075,0.604986752506942,0.0960716844073672,0.131964945059364,0.105660492071369,0.182418767591542,0.555557685263893,0.089614122982501,0.1238199543208,0.122157169888843
"actor_logrev_of_past_5_years_0",0.200129493810521,-0.00095667662735399,0.378491104409682,0.731992527582754,0.289813953137874,0.198043179173646,0.156108904301431,0.128648413966204,1,0.299208750528504,0.246105689429793,0.213455815087936,0.164849366368868,0.87191691342365,0.309119224672435,0.229852490112868,0.225709722035293,0.190401912653137,0.137141420686788,0.175996298942962,0.196879021453385,0.012700529532026,0.254693916781625,0.0928035737721797,-0.108820277284358,0.11196665067676,0.147875387991101,-0.167328408565935,0.0995446814202395,0.0842594052405998,0.0766651692201568,-0.0707143789344383,0.0433278560111652,0.12239530642132,-0.625356571005258,0.0668663935986615,-0.0445354388922843,-0.00445204293243462,-0.492468995322969,0.125460414848866,-0.134896940552455,-0.0647462823385259,0.0558686537180902,0.051378446828745,0.0101341527179157,-0.374770050351801,0.108965373618011,0.087276563830644,0.15437293265967,0.337007966859292,0.218668573824778,0.132694740539767,0.163197417985274,0.133149861911917,0.400797757032989,0.238133467325762,0.156496151720612,0.139204014507722,0.0981198573596968,0.413613118696043,0.243256047813095,0.138150825039062,0.0821630158042063,0.0874294365844321,0.121660304503797,0.166377420803075,0.166090292831146
"actor_logrev_of_past_5_years_1",0.176575675778663,-0.0158598962374129,0.32700425210461,0.282636036014567,0.721545624948762,0.240537445572804,0.161295878027073,0.135294524906016,0.299208750528504,1,0.292887587840031,0.226690841190288,0.168555932622738,0.293662438487878,0.867367571229677,0.2828587400196,0.23353432761195,0.180748408858584,0.109070987794437,0.13334452343022,0.122114296086239,0.00904206131234562,0.26400397045896,0.0440114060730073,-0.034713534878303,0.12583606928252,0.125937599401874,-0.15249482776994,0.0939724591286037,0.0940614659861356,0.153103615033502,0.0497839240800592,0.0453362601518285,0.0841416361631594,-0.496801658636588,0.0081289928343077,0.0026151934675081,0.0818314466860499,-0.4029695727177,-0.0108300687321294,-0.108058059567929,-0.0957679918485828,0.0659344248475916,0.01748594137976,-0.000826802226933805,0.0347059761080314,0.0529782273824359,0.0241268894654577,0.104807919114096,0.180056734025334,0.423677499560025,0.168790998826676,0.129750062072362,0.135726618964353,0.223915269562712,0.438882186138746,0.20263026607932,0.126876607714526,0.10769258607938,0.225084031912533,0.417790967546188,0.165529942258861,0.0944793893682652,0.0622776179278628,0.0995319446816465,0.143583538531348,0.137662720493959
"actor_logrev_of_past_5_years_2",0.162430653775152,-0.0146592515756936,0.260169515111148,0.220763592895159,0.267118176703608,0.683320802019475,0.1918729659317,0.150870015127741,0.246105689429793,0.292887587840031,1,0.272844221988221,0.218862283072463,0.23940328441294,0.28601053773603,0.865192866269161,0.271425270650953,0.236540356224096,0.0881335099635547,0.110796259283209,0.126877346493055,0.0119488556286934,0.227702443353856,0.0450892167200833,-0.0573237634938462,0.150278626238624,0.115561950502094,-0.113797037988489,0.0675585400183908,0.0844031983183114,0.138300268522007,0.0280508263714698,0.00136739940996901,0.102526671621049,-0.45989240734378,0.0285470144744657,0.00168622749262482,0.0720988828227575,-0.434548974958445,0.0546242084634404,-0.0900747918488321,-0.0792641741911358,0.0877651087426442,-0.0118720302125022,0.00888508517713791,-0.197609273035846,0.0619401588819606,0.0175585315227876,0.110777579797893,0.173853525366261,0.180269062665768,0.445324142898082,0.142290831993252,0.109204281912312,0.177039793826258,0.205279131782275,0.462693519986276,0.151719936399544,0.127060509740544,0.184534126738121,0.218359260103554,0.442071869289555,0.16916003112398,0.143373622974187,0.0958368142484124,0.120838347382636,0.132213570736191
"actor_logrev_of_past_5_years_3",0.164743678991865,0.00707959312818284,0.272280838674445,0.226876638484065,0.237158024817349,0.219727450576458,0.653095542259554,0.247625320737861,0.213455815087936,0.226690841190288,0.272844221988221,1,0.302399682240175,0.209356493323752,0.210625255476284,0.262160944300873,0.842973743767358,0.275579533865559,0.0922593929867857,0.125792290546649,0.114903578716721,0.00913795313220416,0.213157166449549,0.00336555184494548,-0.0428506024192309,0.111862828148735,0.111486412415172,-0.117470781227077,0.0676233497345371,0.0554063160626979,0.103846650739478,0.0970126700617398,0.0475359006482057,0.0377534995928576,-0.347376241219265,-0.00400666243454803,0.0772746813905833,0.0668818556947569,-0.339943106766232,0.0271247851136234,-0.194552865207402,-0.0749150611470998,0.0105462449614931,0.0245403147696394,0.0249401474080991,-0.117494569448649,0.00575888771573399,-0.0472805145397958,0.0269859647791972,0.210108521992607,0.215566476042809,0.257455928816986,0.466650276297002,0.2201250161877,0.243316160925993,0.245127501628773,0.261333478218193,0.534629792179711,0.29540262088014,0.247671506979993,0.21537038925403,0.258006729263733,0.502880853608348,0.291557645577253,0.13996863191398,0.182169956967017,0.195278142345621
"actor_logrev_of_past_5_years_4",0.147887297367663,0.0304060144064342,0.230044359485171,0.140942278061186,0.182330782614462,0.205054083173061,0.25852807818519,0.648404179436543,0.164849366368868,0.168555932622738,0.218862283072463,0.302399682240175,1,0.155670388115745,0.148715398652559,0.179805443619919,0.249037001693339,0.788839063385409,0.0996689201481748,0.104805454253264,0.109631427427537,0.000240273435849805,0.181247525071938,0.0378619792005185,-0.0104055962693308,0.0660943171926668,0.11319612935662,-0.12459403152802,0.0633276474709721,0.0957111666343651,0.141854906209484,0.120807645757691,0.0432553431624645,0.0648061105719782,-0.30707932679964,0.0226451980464117,0.0963109463428461,0.0550637048425081,-0.312324120809001,0.0799330282254367,-0.148058003974738,-0.0608117085458452,0.00385648089116526,-0.0284544725508652,0.0499364492203533,-0.0837610882074181,0.0520419357378432,0.0342583376419615,-0.0570558187733554,0.123803375244456,0.184272407813128,0.145771204136696,0.161621544472914,0.58791539404494,0.16643943350947,0.184861897288125,0.169787739690307,0.192925970427576,0.573180359173913,0.153348206236302,0.157126711489624,0.153515166699775,0.217778792631797,0.563352746220541,0.111638551185074,0.174695645172704,0.134672387341571
"actor_logrev_of_past_10_years_0",0.187383536508617,-0.000250412943201642,0.366994872618649,0.650331731601863,0.275900942445329,0.18954046136765,0.146852286164182,0.11774376768389,0.87191691342365,0.293662438487878,0.23940328441294,0.209356493323752,0.155670388115745,1,0.317508970002089,0.229668660031526,0.229353097500005,0.195337672993789,0.126721021717721,0.168358466727576,0.197766277391092,0.0120151813396113,0.246057084062938,0.0831549098777355,-0.103716754253449,0.146031411177872,0.152874085268188,-0.167850485077287,0.0967222810440559,0.0990460614264438,0.0853310018676081,-0.0608323292312709,0.0448134912130566,0.126963669612843,-0.642425799537081,0.0463466365759029,-0.0252098392657979,0.0189080085101175,-0.5387569848859,0.113704174825496,-0.109439458167306,-0.0658401959957437,0.0854132846634896,0.0133979461570662,0.038032443220592,-0.532777516369551,0.109174859915632,0.0717844503181836,0.133268143336683,0.306265010423766,0.210264869869614,0.136326468815084,0.153955507095043,0.116678653206264,0.374867454726093,0.212805827365956,0.149816117839142,0.13009320139189,0.0911516698731506,0.390195989150699,0.224608442456948,0.138584328378627,0.0969394342668141,0.0711087363117767,0.104840399613378,0.173292332554618,0.171427632667128
"actor_logrev_of_past_10_years_1",0.156092298226735,-0.00852343665967681,0.313223817602533,0.277757974852026,0.636784737056331,0.231004813458622,0.14915193791711,0.121290522214665,0.309119224672435,0.867367571229677,0.28601053773603,0.210625255476284,0.148715398652559,0.317508970002089,1,0.288365243372998,0.235884842410735,0.191048813101738,0.0949693313828144,0.137117892343052,0.130837519572542,0.00746214570511534,0.2580841029779,0.0310741965270381,-0.0370768639596992,0.143515205914875,0.115977126088364,-0.147979388604478,0.092580345847389,0.109193018366009,0.148839697476194,0.0555173468159678,0.0532632951441523,0.0881820532271021,-0.511397209275417,-0.000227063023148633,0.00498967120672419,0.0917020368221788,-0.445748438642796,-0.0192716601381572,-0.0958025867343962,-0.140048069123238,0.0562925635654726,-0.00685914395204124,0.0207778538832676,-0.0938286119965958,0.0491521243202299,-0.000379761775405673,0.112517633980005,0.181726875385384,0.385491109646961,0.143852455639938,0.0983220757884681,0.143617092393603,0.222076326100166,0.405241289334034,0.177294023452218,0.103949282905625,0.114404861783457,0.221716320998839,0.388845669523429,0.153499965066992,0.0975130772544595,0.0478208588173137,0.083651456598313,0.128050019914681,0.14014274932312
"actor_logrev_of_past_10_years_2",0.132682832293626,-0.0128197166516868,0.241016012838059,0.213568933167964,0.244172453270283,0.613649721635847,0.187728375312079,0.127217880138327,0.229852490112868,0.2828587400196,0.865192866269161,0.262160944300873,0.179805443619919,0.229668660031526,0.288365243372998,1,0.28728462736116,0.228115806609093,0.0773856142749003,0.112963293325248,0.128411896275114,0.0112118705483741,0.220927739976871,0.0356316120130571,-0.0409799688289754,0.145037210351303,0.116546984963707,-0.119753759852133,0.0708047422090583,0.0761881586343176,0.136671581803103,0.0386774081377836,0.00660962945028035,0.08979490844095,-0.482045634081198,0.0223355651383105,0.0231454616001081,0.0599946601405361,-0.491301464386293,0.0581207231848315,-0.0712427296622768,-0.0749376065844734,0.0787280035595769,-0.0151086392736662,0.00115384126652683,-0.360055054654864,0.0635668889319819,0.0371596220120339,0.13353083165299,0.139443676156814,0.148373370284716,0.397591150083182,0.130887525556512,0.0741168070246741,0.142482688148505,0.179159414983704,0.408838079058772,0.132826348814541,0.0723495759010453,0.155225836966796,0.204259046584839,0.394509219996566,0.147185651608507,0.115866553173754,0.0707089636273421,0.0844738341494461,0.0981597816105866
"actor_logrev_of_past_10_years_3",0.161908153054651,-0.00479246912404168,0.264083035535556,0.220672488444394,0.240576727642034,0.218141274683509,0.566821080805049,0.2170656045741,0.225709722035293,0.23353432761195,0.271425270650953,0.842973743767358,0.249037001693339,0.229353097500005,0.235884842410735,0.28728462736116,1,0.286588931452793,0.0987469302575745,0.144883069248107,0.139173247712888,0.00779058651816638,0.205078846170322,-0.0103835145953943,-0.00929475717962515,0.116122867460806,0.101400055110365,-0.117387849719812,0.0823913325683559,0.0754144675970449,0.119929987044372,0.0881168084567628,0.0444728450721389,0.0529166864543304,-0.416472339257503,-0.0161116750367233,0.0718538084330595,0.0814405411554689,-0.421791017725244,0.0317147570914702,-0.146287325137951,-0.0697456670496387,0.0268749317711664,0.0138301484683365,0.0465996050665041,-0.299347907252724,0.0206740644889322,-0.0271514203323654,0.045547219697779,0.144299239813523,0.170762353706199,0.234720131972728,0.395782344977144,0.200002189484152,0.158138227964364,0.190407273719857,0.235988353457124,0.459222155356842,0.240283344529301,0.16175253462743,0.195272582592045,0.216019964691058,0.429223180780707,0.263445002413801,0.0834181326137012,0.119428114227492,0.140884736344285
"actor_logrev_of_past_10_years_4",0.145923149799169,0.0187203738607924,0.257807436650013,0.174309251059125,0.1891744474646,0.232196966215574,0.246789207120634,0.551729612399191,0.190401912653137,0.180748408858584,0.236540356224096,0.275579533865559,0.788839063385409,0.195337672993789,0.191048813101738,0.228115806609093,0.286588931452793,1,0.0947370123151786,0.123770066196613,0.128532979604002,0.00465516415691847,0.182808777840392,0.017902356056517,-0.00390958280899086,0.083285530221117,0.104624411603051,-0.123376013750666,0.0755711448923071,0.0828575937634895,0.151806666727638,0.145965778913707,0.0648160464032186,0.0367618323225565,-0.325057254150682,0.0122073019921373,0.126627899350117,0.0612412978753219,-0.338609900347864,0.0539429112401524,-0.146490533423485,-0.0821006569597087,0.0206918718183894,-0.0171279831433511,0.0362284035553914,-0.225937116379855,0.038425760822079,0.00159962984089716,-0.0581390534498687,0.172741255702414,0.191844091853228,0.184710893186976,0.203413336617094,0.54315091872316,0.210536096257553,0.211541130558501,0.19868388638102,0.211214030672539,0.530184860152493,0.186496239702847,0.183337003982973,0.164349273518361,0.221829781092881,0.525236013496303,0.120356273544745,0.187131651176614,0.162136823016819
"director_logrev_of_past_2_years_0",0.11697794983648,-0.00187578902927872,0.213192246049203,0.13860902196329,0.122141760956258,0.103933123543571,0.0829381285654538,0.0980077863158195,0.137141420686788,0.109070987794437,0.0881335099635547,0.0922593929867857,0.0996689201481748,0.126721021717721,0.0949693313828144,0.0773856142749003,0.0987469302575745,0.0947370123151786,1,0.594852372096198,0.485265469993534,-0.00478290016322895,0.0577855691791226,-0.00787140213996522,0.0104508014761969,0.105999789582763,0.0839531270495847,-0.098314177662972,0.0520846458334123,0.0688616508746745,0.13726155679296,-0.0140799728397278,0.00591965335830453,0.0093064206025487,-0.17703515775253,-0.0232757584111433,0.0793201088315949,0.134100689208473,-0.470607976731335,0.0713520391401009,-0.0591650403833766,-0.0288189699851637,0.0298567262872347,0.00942758971758813,0.0738035742248516,-0.0179791255008974,0.00980836094562769,0.147306509535942,0.120990354316135,0.0975597549259147,0.0929790043793645,0.112773026208826,0.0831457492710991,0.0726458266855565,0.101798261893241,0.0916384693782629,0.0974758193404633,0.0716937220886378,-0.0330454309844606,0.113916084659164,0.0811580987154742,0.125643564296826,0.0196648506339789,0.0337037360799772,0.40549461570528,0.419469857157457,0.347655380746712
"director_logrev_of_past_5_years_0",0.133555216311004,0.00890417324124652,0.296452768894735,0.155424507791424,0.145773791492751,0.0945733092087557,0.106349622902794,0.0945701081265708,0.175996298942962,0.13334452343022,0.110796259283209,0.125792290546649,0.104805454253264,0.168358466727576,0.137117892343052,0.112963293325248,0.144883069248107,0.123770066196613,0.594852372096198,1,0.794523775113893,-0.00799279420913558,0.0838553490194294,-0.0698662818983265,0.0172598156874072,0.11885578906508,0.102862063385228,-0.110073928890954,0.039196701215795,0.0891109352478298,0.174473490953514,0.0982336935797878,0.0122546544626345,-0.0379488360027901,-0.132193288705902,-0.0762594792223632,0.111802075120317,0.148313983808164,-0.376750627171782,0.0817572149675904,-0.0503211356062591,-0.00118300094235028,-0.000293533091772752,0.00812259725444697,0.0816093585401534,0.0189379120812391,-0.0282609177201232,0.118385884928968,0.143016237815425,0.050128460643174,0.0474640274977983,0.054823011390213,0.0930249539098557,0.100907498657879,0.0400740103590997,0.0718019102725741,0.0353967515413957,0.054527189787981,0.0759666690092358,0.0729557739969071,0.0822805696149004,0.027425419647984,0.00764519322703286,0.030278163488273,0.163012863805606,0.270035558742262,0.262151902538976
"director_logrev_of_past_10_years_0",0.135989578829546,0.0135369586520394,0.319330809615773,0.167276252288482,0.131253673887667,0.0987045190751226,0.0955562911115254,0.0920982092211935,0.196879021453385,0.122114296086239,0.126877346493055,0.114903578716721,0.109631427427537,0.197766277391092,0.130837519572542,0.128411896275114,0.139173247712888,0.128532979604002,0.485265469993534,0.794523775113893,1,-0.00692153579774468,0.0854574841689424,-0.0764660057356863,0.0426562330194104,0.129578224468032,0.110366062652087,-0.0992519187478526,0.0197284078577167,0.0961848049351356,0.20046135533343,0.101873903129203,0.00797601073233092,-0.0353791897844916,-0.15041197573618,-0.0792866726591656,0.130512723106171,0.157718842473854,-0.340549058693576,0.094887678072145,-0.0651527891477498,-0.0349533677090445,-0.00495458616670319,0.00874292270786791,0.0925680146728813,0.0210513446083955,-0.0283279295499846,0.0972610957683329,0.0683025178910695,0.04837936036586,0.0488517510455459,0.0500529094681961,0.0663111310562068,0.0805266619899707,0.0495187408640044,0.0621655980688531,0.0150587667631577,0.0515183981238247,0.108573527136447,0.107697658667658,0.0735192538097338,-0.02239609753561,0.00275376575189781,0.0700233416263848,0.167051242689137,0.283769351223053,0.291823718969499
"gender_score",-0.00459753571518395,-0.00462790848081127,0.00276360885399463,0.00528153274580676,0.0093351144224996,0.010394322818154,0.00646476509911018,0.00146383190491916,0.012700529532026,0.00904206131234562,0.0119488556286934,0.00913795313220416,0.000240273435849805,0.0120151813396113,0.00746214570511534,0.0112118705483741,0.00779058651816638,0.00465516415691847,-0.00478290016322895,-0.00799279420913558,-0.00692153579774468,1,-0.0400936270998458,0.0944985226414601,-0.0498494542336364,-0.10341219190652,-0.0320100057683244,-0.0541449587099713,0.0880440562588776,-0.219105895281596,-0.114954952371405,-0.901541479836109,0.156505179856975,-0.293217148981723,-0.897444223358466,0.101053974284834,-0.113102667922447,-0.190559455786673,-0.827697403921798,0.0420538090606633,0.0245309317570894,-0.0130285457596606,-0.0563885138324643,0.160577182350275,-0.223726709654833,-0.821216059150445,-0.156054263936804,-0.894320553876865,-0.822826633685179,0.0164375049026058,0.0127423732448616,-0.13103421336564,-0.0629129309616236,-0.898135575295054,-0.153923507564136,-0.13102194212825,-0.132859828017974,0.0756234187229434,-0.895074945427354,-0.148819324477371,-0.221342244113205,-0.904019445168367,-0.0230932316871457,-0.896300371863927,0.158973075863348,0.0991378048891967,-0.0712532568563159
"has_oscar_winner",0.390809356244306,-0.0738412006696378,0.260887278036651,0.209202562501242,0.227501708188109,0.195073585827627,0.170549571278794,0.176806525452429,0.254693916781625,0.26400397045896,0.227702443353856,0.213157166449549,0.181247525071938,0.246057084062938,0.2580841029779,0.220927739976871,0.205078846170322,0.182808777840392,0.0577855691791226,0.0838553490194294,0.0854574841689424,-0.0400936270998458,1,0.229661696198418,-0.176099881718512,-0.159973757688907,0.0420477414004407,-0.0816865672186977,0.0836338062708179,-0.0852870359713542,-0.0412275409529777,-0.0392212399700691,-0.102921967261167,0.109086111165451,-0.179064550181904,0.280658370139044,-0.102582516817839,-0.0181313216213334,-0.148396480004867,0.26882378093134,-0.276512334896546,-0.11712041126881,0.0643492550235821,0.140879030603349,-0.105880027162834,0.0601171225004673,0.00852720728602312,0.0629638350680607,0.0400483166273704,0.208542012284488,0.261521629435842,0.210137809730939,0.207044662156424,0.184071384206463,0.289166386418622,0.301040406775193,0.295701752070118,0.199755668400225,0.184972315309647,0.335630585624903,0.341047233549276,0.3021858880451,0.19143231571703,0.241085516052805,0.122859486270267,0.236282436535663,0.240507384866807
"popular_genre",0.345800402549263,-0.209543372346918,-0.102370328659467,0.0796231299345053,0.0261940761033285,0.0206775651043779,-0.00989957849789544,0.0095493141961019,0.0928035737721797,0.0440114060730073,0.0450892167200833,0.00336555184494548,0.0378619792005185,0.0831549098777355,0.0310741965270381,0.0356316120130571,-0.0103835145953943,0.017902356056517,-0.00787140213996522,-0.0698662818983265,-0.0764660057356863,0.0944985226414601,0.229661696198418,1,-0.217367442879824,-0.265364380795552,-0.0691535668397355,0.0873294498549384,0.0379070436493637,-0.124159144184227,-0.331221630693857,-0.417272655289175,-0.265388741458105,0.639896948565622,-0.299679810224924,0.777073739736545,-0.392594624416903,-0.334398215799572,-0.099979446587309,0.301815995254592,-0.139831382353447,-0.026105595992203,0.603825142505571,0.190277070802913,-0.35170149717098,0.0339389908211138,0.263331432407624,0.117813921617313,0.00408237918667409,0.126237675765363,0.064893654310688,0.0383469541190993,0.0288517005117607,0.0125461851596423,0.118782372023299,0.107442222282053,0.0997892630304909,0.0610359570208244,-0.00032576202213604,0.145906973566915,0.105464329630701,0.103687192217901,0.0495429638524768,0.00850376305022683,0.0566932619834941,0.0658586751857459,0.0831815570977941
"first_in_collection",-0.114082015960964,-0.00864507798157744,-0.00318454192124136,-0.0785604096386388,-0.0558943257285783,-0.0502217106145277,-0.0123779777091748,-0.00485499396406879,-0.108820277284358,-0.034713534878303,-0.0573237634938462,-0.0428506024192309,-0.0104055962693308,-0.103716754253449,-0.0370768639596992,-0.0409799688289754,-0.00929475717962515,-0.00390958280899086,0.0104508014761969,0.0172598156874072,0.0426562330194104,-0.0498494542336364,-0.176099881718512,-0.217367442879824,1,-0.47609265612188,0.0819158286261045,-0.0193116085456504,-0.0194407227053083,0.134558295090325,0.192107535130323,0.281681888452685,0.0398542177222951,-0.0552968757774075,-0.0777589744701029,-0.290595845056619,0.207001488976055,0.223532121824431,-0.0301018996206245,-0.223080768033841,0.202972062637272,0.00395420580126862,-0.00181238796459156,-0.229900629288971,0.17914175747343,0.106015555019742,0.0455641521871212,-0.0613136602690282,-0.0510663080805801,-0.0422034806934615,-0.0791969575536095,-0.00169307144078164,-0.0819797642805903,-0.002661273014926,-0.0556259929331055,-0.0639424018548084,-0.0463201993425669,-0.0954509192853076,-0.0393242743108297,-0.0929730364376113,-0.0739195288134522,-0.0548564718243901,-0.0267556566437228,0.0261064814907272,-0.0436460713893952,-0.0488522167035181,-0.0990491314056542
"sequel",-0.0134571161856276,0.66010171204773,0.211536795714221,0.0601374011824008,0.0515420585968534,0.0887952551810875,0.0450569496575486,0.0506454032363995,0.11196665067676,0.12583606928252,0.150278626238624,0.111862828148735,0.0660943171926668,0.146031411177872,0.143515205914875,0.145037210351303,0.116122867460806,0.083285530221117,0.105999789582763,0.11885578906508,0.129578224468032,-0.10341219190652,-0.159973757688907,-0.265364380795552,-0.47609265612188,1,0.172396341170332,-0.169976730559629,0.0239449605285836,0.242870888659193,0.30413605966688,0.100391047538771,0.000330826893364766,-0.00806695488435136,-0.0903224147548921,-0.38482929748166,0.147843478389486,0.218198478923626,-0.016335542745382,-0.321661347673075,0.238104797409373,-0.0120207842879411,0.00953778684500316,-0.257738785986088,0.267854941435279,0.104063931109886,0.14805532020037,-0.108160217294653,-0.177479587997164,-0.0492756048394477,-0.0711571840723725,0.0290587861147101,0.00148484604971197,0.0579677553490962,-0.0431506597706602,-0.0698924254487661,0.0362188427584324,-0.00889903253794393,0.0778388261189718,-0.0511508410132676,-0.0222835053283188,0.0346972212813192,0.00401334664329776,0.0522994982853129,0.145111696037707,0.111521798864796,0.078297343820687
"major",0.05898331264099,0.077037293955772,0.335607880141062,0.134144171075149,0.0935460509730271,0.0850139283017523,0.0859349034710861,0.0748830787371137,0.147875387991101,0.125937599401874,0.115561950502094,0.111486412415172,0.11319612935662,0.152874085268188,0.115977126088364,0.116546984963707,0.101400055110365,0.104624411603051,0.0839531270495847,0.102862063385228,0.110366062652087,-0.0320100057683244,0.0420477414004407,-0.0691535668397355,0.0819158286261045,0.172396341170332,1,-0.505245106665982,-0.469617172713717,0.0987578865308129,0.167201185580989,0.112488626689014,0.116251038578033,0.00856030582932007,-0.218876401415864,-0.114879673573526,0.20117690420722,0.11756960838005,-0.163177976178677,-0.1147460211604,-0.0593395235814894,0.0400486296601303,0.00728226798715657,0.00182506930043042,0.0847606044500046,-0.0292498964718172,-0.00995076164638748,-0.0998387157799257,-0.0352127406846387,0.110199692197958,0.0979143540687917,0.0743603904293643,0.0525566065778984,0.0253933372062618,0.125735056924907,0.105392893510798,0.0819887302356484,0.0429060909591654,-0.00736364764122177,0.118202174200134,0.0868930769042292,0.0273641080349865,0.0116991545241729,-0.000794413342317861,0.0549024409839935,0.0691532681810568,0.0583263496820795
"minor",-0.0892796925304807,-0.0546202895598684,-0.280826615517464,-0.155307469115343,-0.135736879569369,-0.0971027721176082,-0.105914260695356,-0.111703625510338,-0.167328408565935,-0.15249482776994,-0.113797037988489,-0.117470781227077,-0.12459403152802,-0.167850485077287,-0.147979388604478,-0.119753759852133,-0.117387849719812,-0.123376013750666,-0.098314177662972,-0.110073928890954,-0.0992519187478526,-0.0541449587099713,-0.0816865672186977,0.0873294498549384,-0.0193116085456503,-0.169976730559629,-0.505245106665982,1,-0.499983604025712,-0.080109295437081,-0.102945914631744,-0.00428539249036441,-0.111414177875619,0.00633388330190121,0.245913297890004,0.124074677734547,-0.126294733703258,-0.0962036345151072,0.195034810810198,0.0428354324737912,0.0731131162856252,-0.0525464232927593,0.0286560073130026,-0.0486380015301331,-0.0411887514202674,0.104932184421225,-0.0011974304418146,0.0518347398790617,0.0373682600130842,-0.102422657689011,-0.119074762629953,-0.102794873413644,-0.07344536318571,-0.133226875146319,-0.138789150252863,-0.118752108217956,-0.102415201461817,-0.0598642737968056,-0.0723976153626416,-0.118140673887309,-0.0814012716779354,-0.0685785817006602,-0.0445622806491274,-0.0788037669894806,-0.130007918144449,-0.130295346737499,-0.123072580369153
"medium",0.100567543121456,-0.0423683243957344,0.116554675082763,0.0925376331180566,0.0932664401279171,0.0670365880703268,0.0628913030498457,0.0716466441788222,0.0995446814202395,0.0939724591286037,0.0675585400183908,0.0676233497345371,0.0633276474709721,0.0967222810440559,0.092580345847389,0.0708047422090583,0.0823913325683559,0.0755711448923071,0.0520846458334123,0.039196701215795,0.0197284078577167,0.0880440562588776,0.0836338062708179,0.0379070436493637,-0.0194407227053083,0.0239449605285836,-0.469617172713716,-0.499983604025712,1,0.0391864878185034,-0.00381768871966397,-0.0905333291775983,0.0163359241541886,0.0143403794941333,-0.210771738266131,0.039313280525285,-0.0839464695177875,0.0168944807287683,-0.144520760277986,0.0540985208950773,0.0275002237045508,-0.0133364138546393,-0.000262593117150546,0.0752771669621414,0.0181134054868028,-0.024996384061153,0.0456153890293176,0.0683241741704586,-0.00978816153679494,0.0480777918252686,0.0728439415133383,0.0766628557842902,0.0633551833337599,0.150238265942429,0.0669350935394087,0.0726495733495527,0.0702850460017287,0.0535720698175875,0.11535899472963,0.0506040563366551,0.0425122155006066,0.0776922052529233,0.0771798434418833,0.114124356566505,0.120196734235761,0.120075351612507,0.123492179565294
"Action",0.113361970221063,-0.00114945902281362,0.295457223836186,0.103943920946938,0.0792362464785413,0.0769794108365337,0.0390150160921918,0.0725826839422576,0.0842594052405998,0.0940614659861356,0.0844031983183114,0.0554063160626979,0.0957111666343651,0.0990460614264438,0.109193018366009,0.0761881586343176,0.0754144675970449,0.0828575937634895,0.0688616508746745,0.0891109352478298,0.0961848049351356,-0.219105895281596,-0.0852870359713542,-0.124159144184227,0.134558295090325,0.242870888659193,0.0987578865308129,-0.080109295437081,0.0391864878185034,1,0.580378826326396,-0.0806886341012532,-0.234118645416238,0.284930512158442,-0.272032690036366,-0.234101163375317,-0.17917004721148,0.0684899406732386,-0.163377157815149,0.00479794565017774,-0.0532425986101287,-0.29214650959151,-0.103303559314407,-0.382367257767074,0.401564990013559,0.0262254428700654,0.437395501850584,0.194118636631262,0.203407971755586,0.114133679167977,0.0663250969522546,0.11147389786117,-0.0517623068924743,0.050265510810104,0.156549523715837,0.0586270286490504,0.096916235196535,0.0330787517983433,0.0489565255789188,0.153795587081473,0.0799681155291484,0.036159725679409,0.0441602224082911,0.11274341192817,0.0851924479185538,0.183075219149394,0.171338444323032
